5.5541463
5.5210032
5.335938
5.179166
4.8224854
4.544653
4.386835
4.4001913
4.386445
4.1452413
3.7554395
3.874888
3.7197256
3.623476
3.4785373
3.4601243
3.4179049
3.399679
3.2036936
3.4200363
3.4114845
3.2215981
3.262459
3.1210978
3.1585128
3.1211376
3.1945148
3.030761
3.142197
3.0573015
2.9589837
3.0138495
2.8980634
2.8321679
2.9487827
2.8160925
2.835728
2.8922958
2.7398696
2.8035285
2.850851
2.902586
2.9212012
2.890686
2.745136
2.7961636
2.7256684
2.8155856
2.7377017
2.7243912
2.8173752
2.8707125
2.6378589
2.716734
2.6632557
2.7345562
2.6737058
2.5952516
2.6492147
2.6558294
2.64879
2.8014176
2.784163
2.4810493
2.5527961
2.475709
2.711579
2.6970408
2.8961916
2.6844232
2.676563
2.6713166
2.7758262
2.7278998
2.5183022
2.4856443
2.5669928
2.671479
2.5679412
2.6507294
2.5533328
2.509947
2.5507288
2.6360974
2.5680192
2.4165719
2.751392
2.5055351
2.5779955
2.5781806
2.5330079
2.8031902
2.6162097
2.8560967
2.7198768
2.4446843
2.5014753
2.6227856
2.5492697
2.5457559
2.5377123
2.505007
2.5853055
2.5657444
2.5675735
2.4697294
2.5844326
2.6117518
2.7016177
2.6489599
2.7332811
2.4543777
2.4896924
2.49328
2.549812
2.401414
2.4011648
2.5587773
2.5064695
2.668516
2.399194
2.669761
2.4838815
2.421116
2.441606
2.6859903
2.5423121
2.5934982
2.3620565
2.6412313
2.5097587
2.505958
2.4912066
2.3852854
2.2974257
2.6099875
2.6502886
2.7272375
2.5751078
2.4722848
2.5258992
2.376749
2.499672
2.592319
2.5451086
2.6169846
2.5260406
2.465936
2.6612427
2.3626482
2.5722299
2.5234222
2.5633118
2.4605904
2.499408
2.4984412
2.512889
2.5071259
2.466074
2.6127462
2.414869
2.3401
2.6680982
2.386306
2.589302
2.4682062
2.4879282
2.5259838
2.6323092
2.42753
2.4332075
2.5184479
2.5415199
2.5171404
2.5725806
2.446812
2.5704453
2.4400241
2.6335852
2.5741858
2.2825117
2.4970355
2.4670022
2.4385984
2.4070683
2.4817114
2.2345114
2.4107256
2.4098706
2.5239582
2.4864774
2.5837836
2.5646026
2.5016465
2.6308591
2.498384
2.505086
2.530767
2.3717115
2.3651319
2.5247898
2.366257
2.5020792
2.4608734
2.4717634
2.5050776
2.4231215
2.5935433
2.62563
2.387826
2.614368
2.46741
2.551205
2.3698688
2.4436636
2.3237545
2.612064
2.330163
2.5200508
2.474233
2.479869
2.6379266
2.302776
2.4409575
2.520911
2.489189
2.4615662
2.4406924
2.3914135
2.481023
2.398823
2.4260175
2.4186585
2.4473684
2.2490375
2.579467
2.584667
2.3251758
2.3187704
2.6571634
2.481741
2.672611
2.371371
2.5411484
2.5397644
2.3399408
2.1343555
2.3605747
2.4507182
2.5247428
2.5601254
2.6136377
2.3464868
2.5233047
2.4765399
2.6476593
2.444686
2.1925585
2.416628
2.555169
2.5324233
2.4477172
2.3346117
2.446135
2.4649305
2.5082023
2.5077376
2.4312568
2.409975
2.4735374
2.5097208
2.4908085
2.4935026
2.5747237
2.5239174
2.4279644
2.3649623
2.294069
2.3602827
2.436262
2.535369
2.4614186
2.377526
2.3391705
2.5483756
2.3371089
2.5797095
2.4081032
2.418315
2.4130628
2.6147523
2.446751
2.5398126
2.449115
2.4166684
2.5259554
2.4862788
2.4432986
2.28893
2.3127484
2.4870954
2.4414628
2.4353764
2.3953044
2.2846851
2.445284
2.488615
2.1557589
2.4767737
2.5860293
2.5290241
2.5473654
2.3880155
2.3919454
2.4781518
2.4490561
2.464432
2.424174
2.446873
2.3986819
2.3806646
2.4995806
2.4272318
2.4253318
2.269956
2.443673
2.5064535
2.6236694
2.2876425
2.5699973
2.3897998
2.5812387
2.3559027
2.4657073
2.4077516
2.3683589
2.5979836
2.3554468
2.3669229
2.4070797
2.3289504
2.421241
2.4736054
2.2575457
2.3988085
2.6070745
2.5538301
2.3960922
2.4073684
2.4133718
2.4638336
2.2778513
2.5445144
2.4183195
2.4681945
2.5397577
2.5341055
2.3296351
2.3457868
2.3882635
2.579195
2.3197036
2.4477613
2.4353867
2.4532142
2.2694762
2.3710341
2.4966533
2.430332
2.4381762
2.4425974
2.4150832
2.42566
2.4064167
2.4569368
2.56405
2.4517193
2.4127896
2.2875996
2.5408862
2.3644557
2.3193643
2.438504
2.3210847
2.4168248
2.473117
2.2939887
2.2631013
2.4466188
2.6063862
2.373324
2.5188022
2.5344923
2.2986677
2.2857363
2.3456671
2.4780746
2.4997785
2.293194
2.4963121
2.4285522
2.4948263
2.3322365
2.480366
2.544212
2.2841356
2.369667
2.3936243
2.7167294
2.4553962
2.3768466
2.4306767
2.32016
2.383493
2.352912
2.485924
2.534581
2.4629645
2.3184621
2.2071464
2.4433906
2.194079
2.6988199
2.392808
2.3456657
2.5079908
2.503827
2.3447983
2.4632177
2.45409
2.1792495
2.5188465
2.386829
2.289259
2.2659729
2.5696564
2.5507424
2.4883578
2.470553
2.4713182
2.3473673
2.361226
2.3352516
2.5207174
2.4735343
2.359494
2.343409
2.4443657
2.4410224
2.2579658
2.5568948
2.4320292
2.3752913
2.1701653
2.546322
2.3788
2.4214432
2.38781
2.179926
2.4168513
2.6016214
2.448303
2.4538958
2.2754552
2.3528423
2.4460676
2.3782735
2.466421
2.4556093
2.4165845
2.4889555
2.4330678
2.3692517
2.366476
2.2911108
2.4120333
2.4382055
2.3585262
2.4897432
2.3579981
2.2855554
2.5935602
2.3304822
2.5325975
2.3271637
2.4573488
2.35416
2.4075623
2.2464905
2.4016771
2.4133346
2.3965194
2.29381
2.464927
2.5064135
2.4548514
2.5978656
2.4708948
2.3684585
2.432024
2.4425254
2.408914
2.3874402
2.396075
2.3590982
2.4286034
2.398355
2.3567343
2.6045692
2.387664
2.388971
2.3236196
2.3050091
2.226497
2.3126075
2.3851042
2.4071662
2.4964046
2.5368304
2.3232772
2.4057307
2.2856839
2.375263
2.3838813
2.3090568
2.5397625
2.5039191
2.3523498
2.514859
2.3756797
2.363855
2.3915863
2.351934
2.205126
2.4568942
2.4335206
2.3714051
2.4215128
2.2504742
2.5484269
2.4299247
2.4418209
2.4191449
2.4765978
2.555541
2.337675
2.3918228
2.4868693
2.28009
2.17717
2.4987206
2.4718876
2.3125608
2.3413439
2.3722935
2.362918
2.4231815
2.457017
2.4321504
2.334495
2.4750955
2.219055
2.413763
2.4586709
2.4466188
2.380326
2.270026
2.5602396
2.2637963
2.4119768
2.3919964
2.3959587
2.4044807
2.4893706
2.5706441
2.224765
2.3251958
2.287339
2.3786914
2.3883474
2.5328627
2.5927067
2.3608587
2.2023945
2.564836
2.2565882
2.3758795
2.4283822
2.292556
2.31913
2.3477843
2.4239023
2.445297
2.325841
2.4128041
2.4176111
2.5518894
2.2620373
2.4726648
2.3395665
2.2415557
2.340273
2.2927155
2.278022
2.6117187
2.540029
2.3505676
2.3067706
2.2783167
2.3462844
2.6319754
2.3877294
2.3947973
2.155513
2.287548
2.4545379
2.476534
2.23667
2.3885953
2.2842796
2.601189
2.392557
2.507052
2.5565073
2.6032648
2.259398
2.3090885
2.2775102
2.2910295
2.4666693
2.2311585
2.4422958
2.5247643
2.3732312
2.3096402
2.3539882
2.5360377
2.2839265
2.3386505
2.40712
2.3827846
2.4462485
2.4145536
2.4992213
2.286498
2.397999
2.3652465
2.4915154
2.3195057
2.3766937
2.327049
2.3087368
2.3627708
2.4306076
2.4519408
2.3464665
2.4256098
2.4062347
2.3748574
2.4908004
2.467337
2.3602412
2.2899778
2.433666
2.308833
2.4816701
2.3059034
2.3693073
2.3059378
2.4057612
2.3557098
2.4832194
2.2889836
2.404074
2.3398845
2.424435
2.298206
2.2835016
2.2791963
2.3644018
2.6151175
2.4424808
2.1279616
2.3155031
2.3376243
2.5148954
2.2061162
2.4739962
2.369542
2.5116258
2.4598787
2.4931455
2.28576
2.5033722
2.3925467
2.4946587
2.4206588
2.3559055
2.2419188
2.2638302
2.493928
2.3127031
2.511096
2.3654916
2.428443
2.3567407
2.4334252
2.3212392
2.3230004
2.351964
2.2939515
2.4468222
2.522553
2.358627
2.260518
2.4145794
2.4485602
2.2849674
2.1824205
2.4765408
2.4318845
2.4353492
2.1764908
2.4616654
2.3549626
2.4683466
2.372891
2.4293277
2.534591
2.2715018
2.2658954
2.3346205
2.3105657
2.5805697
2.3515637
2.3165722
2.376523
2.4085066
2.5348487
2.6502118
2.3108857
2.3507829
2.1739733
2.265357
2.4094954
2.4471326
2.3108554
2.3511672
2.2606685
2.4577532
2.3467312
2.4013026
2.433347
2.201053
2.3527021
2.3563347
2.2852955
2.322611
2.4275362
2.5030067
2.4594343
2.3053298
2.2207453
2.3674157
2.4475744
2.1557693
2.5490015
2.3972394
2.59569
2.2839851
2.2868836
2.5991518
2.3374789
2.525865
2.4199302
2.420722
2.2990987
2.481506
2.3333213
2.5302389
2.457477
2.2591796
2.2371337
2.178879
2.4624403
2.433379
2.3005364
2.2896132
2.3281302
2.464569
2.4079702
2.4374993
2.4412794
2.2204814
2.3935382
2.257086
2.474039
2.3524308
2.4322455
2.4539073
2.2643325
2.3912935
2.3429961
2.3949485
2.3803804
2.3505208
2.206795
2.4120753
2.3974392
2.344777
2.3576086
2.451204
2.238597
2.484301
2.35392
2.2489634
2.3824627
2.506835
2.2812006
2.2506037
2.3267756
2.3586473
2.1875372
2.3407319
2.4751658
2.381589
2.5424883
2.3238928
2.3714094
2.3904524
2.506881
2.264298
2.3017645
2.2582912
2.454915
2.2424123
2.383239
2.326698
2.3643541
2.3719575
2.5304394
2.4127076
2.3561862
2.3265028
2.4240353
2.3859034
2.409225
2.3294854
2.232833
2.472911
2.5528579
2.5334508
2.3166692
2.253713
2.390725
2.44724
2.2271981
2.3075526
2.3305595
2.2967925
2.4156017
2.375553
2.4795554
2.366636
2.3822782
2.250675
2.4602885
2.4133685
2.5765076
2.3242385
2.405299
2.2350628
2.3422897
2.3087714
2.2951574
2.3071706
2.260288
2.2670364
2.3687236
2.3565848
2.4571447
2.3775656
2.283336
2.316192
2.4296367
2.4137347
2.4975467
2.3704667
2.2893343
2.412803
2.4583375
2.2220545
2.4874115
2.4832985
2.3585842
2.360924
2.4203205
2.2509997
2.3830764
2.314715
2.366222
2.282823
2.3970826
2.417339
2.3349829
2.4860427
2.5271964
2.352124
2.359003
2.2911427
2.2548816
2.2183936
2.400804
2.2166567
2.3713012
2.323177
2.2763636
2.496038
2.4563117
2.3325815
2.4609327
2.3402355
2.3821108
2.2692091
2.1681314
2.5703673
2.3943737
2.379126
2.4913132
2.4829912
2.1372764
2.3329797
2.5061498
2.471646
2.436708
2.5734985
2.2356548
2.4309752
2.1850405
2.238094
2.1816254
2.440261
2.3330495
2.3486826
2.5326016
2.3987603
2.295907
2.5174353
2.3344877
2.3634994
2.3895533
2.2478616
2.4108832
2.4363945
2.2516122
2.2978776
2.3604243
2.276367
2.3011734
2.3476486
2.3492417
2.4409366
2.2820077
2.3640602
2.4700484
2.4192595
2.2992065
2.3554707
2.351677
2.26819
2.3263607
2.2988515
2.4768531
2.4003668
2.3126214
2.4284992
2.2571468
2.4831233
2.3415473
2.3923972
2.1367984
2.293895
2.4192812
2.3897433
2.3992686
2.3080785
2.3565538
2.2167125
2.2069073
2.3661113
2.5880022
2.408179
2.3132572
2.4154105
2.5297015
2.393336
2.3682654
2.2597277
2.3490536
2.3677468
2.3412223
2.2780457
2.4960718
2.3497372
2.2760181
2.273864
2.3638232
2.3453078
2.342915
2.3812938
2.1960616
2.3800004
2.5967546
2.214952
2.464281
2.4615355
2.2325516
2.392485
2.3670714
2.2673857
2.3915136
2.3945358
2.364342
2.4009433
2.363678
2.2928536
2.3911843
2.414926
2.4383283
2.4082558
2.3764384
2.425875
2.1132755
2.3484657
2.4415019
2.3015406
2.268575
2.3985443
2.2220168
2.3433225
2.420701
2.5182543
2.4924748
2.3050992
2.1391482
2.364499
2.296517
2.4218986
2.32088
2.2785542
2.3286042
2.4068077
2.424637
2.4288507
2.2260592
2.4010804
2.5570633
2.1687691
2.2839859
2.426317
2.3397162
2.440473
2.2367206
2.316851
2.2221785
2.3759933
2.4171903
2.3585887
2.2915308
2.330393
2.26418
2.5224552
2.133233
2.384153
2.215917
2.5238104
2.5368884
2.2744193
2.2917795
2.34982
2.4258523
2.4262803
2.3693159
2.181788
2.3904405
2.3419647
2.443269
2.291171
2.2728853
2.4448118
2.5059888
2.1964948
2.4414475
2.3062305
2.267305
2.2922697
2.531543
2.3256204
2.540973
2.3953638
2.4362857
2.3164766
2.2426422
2.336572
2.4395583
2.1491225
2.2047396
2.3734155
2.3948636
2.4412544
2.4185505
2.3087988
2.3745832
2.2168572
2.337184
2.3463767
2.3409135
2.3691921
2.1826317
2.4439542
2.4052787
2.2807527
2.3341382
2.3981566
2.3265631
2.3593023
2.3176882
2.3621337
2.418289
2.176144
2.3704162
2.3596342
2.3997648
2.2839005
2.3547697
2.1328974
2.392322
2.410942
2.415617
2.4297493
2.2001905
2.3787115
2.493146
2.3206553
2.4027162
2.2835429
2.3844328
2.2260857
2.283405
2.4624436
2.3329945
2.3182342
2.3361313