7.0648947
5.793732
5.4851832
5.4210467
5.2920923
5.1790705
4.9968076
4.88112
4.6729336
4.421496
4.2813835
4.208547
4.0487905
3.913087
3.725355
3.660279
3.6946125
3.7212222
3.6414533
3.4868286
3.5275996
3.4371946
3.4111204
3.4365757
3.3443666
3.6199481
3.3485274
3.506682
3.4244316
3.36495
3.1428497
3.31353
3.393045
3.3355236
3.1428046
3.2044458
3.200714
3.2980943
3.1198254
3.232677
3.2687206
3.1645777
3.0666075
3.1204557
3.1042025
3.167774
3.158938
3.1872241
2.8622658
3.2534432
2.9116693
3.1279213
3.0443468
3.1600165
3.054623
3.0870368
3.081132
2.9649682
3.0926647
3.0125122
3.168481
3.0858216
2.9452944
3.1605914
2.9678366
2.9005396
2.9084933
3.136215
2.795867
3.0615015
3.0971034
3.0474079
2.8035848
2.9548664
3.0113547
3.065232
3.0275788
2.8534796
2.9291677
2.8162737
2.9071145
3.1141632
3.0082333
2.8813288
3.0258079
2.977146
3.2539735
2.8997824
2.9638813
2.9133446
2.8402052
2.73491
2.9113781
2.936917
2.9766881
2.9779348
2.9755187
2.947635
2.9856067
2.9651368
2.801481
2.7700293
3.1029365
2.7977204
2.9641657
2.8623896
2.8754706
2.9061859
2.843908
2.925707
2.8812783
2.8931968
2.8981543
2.889133
2.9671338
2.653387
2.9534788
2.947054
2.8116183
2.8589795
2.8650222
2.729076
2.84414
2.8079734
2.8694847
3.0040252
2.8704221
2.9225476
3.013653
2.7772453
2.8801904
2.7116656
2.8114135
2.9319024
2.7943745
2.7111313
2.938494
2.9879706
2.8841856
2.9941604
2.9724932
2.777373
2.9510615
2.8250635
2.8597176
2.9194782
2.8111618
2.9385803
2.7094026
2.9802368
2.8723502
2.8973117
2.575907
3.0340757
2.8127615
2.7751129
2.8852854
2.8503046
2.6174476
2.7961564
2.7950628
2.9500227
2.9925203
2.9208508
3.0266204
2.8163445
2.7514212
2.8422823
2.8110034
2.8229501
2.6611907
2.7205124
2.8933117
2.8367963
2.8168533
2.672726
2.8489194
3.0181916
2.9254758
2.7911518
2.7475164
2.8727539
2.8283668
2.7542307
2.9397006
2.7506301
2.96206
2.8526516
2.9327106
2.6936448
2.8781977
2.763673
2.6932926
2.6978748
2.8708587
2.8420973
2.7565567
2.6881986
2.948053
2.8201847
2.9170806
2.7623777
2.9950058
2.6898785
2.7920117
2.7223856
2.7005825
2.6636834
2.5738032
2.8074121
2.7518013
2.8817651
2.8770058
2.7085595
2.821183
2.8445547
2.8712304
2.7445548
2.7366734
2.824626
2.7554553
2.6452367
2.9057205
2.9462943
2.7528858
2.736578
2.8627627
2.7102222
2.8254473
2.737594
2.906895
2.8369071
2.7206585
2.6524923
2.7069502
2.8367724
2.6692426
2.8441916
2.6175408
2.7741046
2.8692422
2.8282235
2.9017618
2.8332098
2.923912
2.774841
2.753418
3.0611854
2.7727838
2.774143
2.6663074
2.7367158
2.7647486
2.8553889
2.886163
2.709731
2.6247253
2.7168684
2.9236288
2.8871381
2.5829303
2.7401397
2.7567947
2.7644913
2.863259
2.8404844
2.6546154
2.7152162
2.7932448
2.7391434
2.778665
2.7461264
2.8025222
3.030082
2.7630334
2.775307
2.7717938
2.724546
2.671126
2.8027997
2.765882
2.6469052
2.7409885
2.599057
2.7788815
3.0273361
2.766481
2.615657
2.687416
2.821762
2.746444
2.6782823
2.6720822
2.8228238
2.8766384
2.7503715
2.7494717
2.682683
2.7176812
2.6886806
2.8507116
2.9009824
2.8367844
2.7816083
2.804789
2.641709
2.7038262
2.8323538
2.7233896
2.8204975
2.6289043
2.6743796
2.7010627
2.7074935
2.7317498
2.7436152
2.6106915
2.7158723
2.7378201
2.8340898
2.5666373
2.8404315
2.6791675
2.823775
3.0091407
2.652514
2.765308
2.6303527
2.8074691
2.843579
2.7832904
2.7064576
2.6371865
2.7025015
2.6850007
2.7906723
2.6672876
2.7384124
2.925829
2.777895
2.6289356
2.7399306
2.8898706
2.8829043
2.7408857
2.8234801
2.5827634
2.6707397
2.6393301
2.9947598
2.7609527
2.7368302
2.6544724
2.7780664
2.541308
2.7743673
2.5543504
2.7885668
2.882275
2.7696652
2.5353463
2.7132208
2.7110271
2.8146362
2.868698
2.8543224
2.7511563
2.6464353
2.544296
2.8203988
2.7547097
2.7122488
2.6533582
2.6039
2.7334368
2.6930735
2.6326995
2.7454967
2.6113334
2.6951537
2.8736475
2.7896628
2.651437
2.5632217
2.8229563
2.7722394
2.7733002
2.887497
2.6557508
2.6384473
2.5383658
2.7798755
2.7919421
2.560234
2.6812606
2.7224884
2.785846
2.5800905
2.8416412
2.6613464
2.7900643
2.7837934
2.7547212
2.74725
2.7597842
2.989506
2.6719193
2.4819999
2.6458192
2.79308
2.723651
2.7357059
2.7665746
2.7560499
2.6262574
2.6237383
2.5412114
2.7747948
2.6948469
2.6972086
2.903042
2.675418
2.6232517
2.6508157
2.735091
2.8292694
2.8438969
2.4881408
2.7493603
2.6409616
2.706131
2.6637554
2.9818072
2.7956383
2.6451647
2.7638113
2.6288178
2.4486058
2.4969094
2.5189142
2.6842642
2.6961613
2.7872894
2.745009
2.7718112
2.703475
2.7032394
2.626929
2.626772
2.7626798
2.694975
2.6531274
2.5863059
2.597084
2.6800108
2.8081422
2.8052804
2.7664595
2.6709268
2.609511
2.5534556
2.746534
2.6771107
2.821771
2.8082764
2.6268017
2.5731835
2.7013898
2.7476351
2.7857013
2.7796118
2.6373749
2.510937
2.610687
2.7371914
2.6243181
2.6743467
2.6180804
2.9084606
2.5571072
2.598784
2.7448838
2.5701363
2.6291704
2.6660082
2.799774
2.631666
2.6332755
2.5550795
2.6437197
2.6457436
2.5794811
2.6656153
2.8251138
2.6427112
2.605821
2.6850817
2.6274369
2.6182425
2.6278753
2.740292
2.766082
2.664562
2.6822858
2.6728606
2.745893
2.6945767
2.5359125
2.558853
2.6350677
2.7287672
2.4916084
2.762513
2.6839204
2.6863167
2.7469523
2.7876127
2.7119944
2.498315
2.6455045
2.575848
2.5406272
2.659776
2.6244993
2.6613266
2.7021158
2.588039
2.688321
2.7532327
2.7956083
2.759564
2.6117895
2.6253283
2.7562754
2.5748186
2.7072527
2.5157473
2.5340703
2.486115
2.7726874
2.5158343
2.5580657
2.6462665
2.6801922
2.6334727
2.7166047
2.6769845
2.5115585
2.4758577
2.759224
2.5765653
2.8045378
2.5288148
2.870682
2.631372
2.794562
2.6798487
2.4046357
2.7151504
2.4396808
2.4631882
2.8375983
2.6706326
2.6276712
2.610442
2.62638
2.5465498
2.7275307
2.6634035
2.782017
2.6890306
2.434636
2.6678247
2.6169345
2.6651936
2.5802112
2.6167068
2.635062
2.634088
2.7000968
2.6377368
2.6247876
2.5828974
2.6861691
2.499145
2.6599438
2.541076
2.641849
2.606991
2.6353197
2.6560023
2.5622306
2.6079698
2.7405813
2.685546
2.5624392
2.491173
2.5416138
2.657717
2.464461
2.8017368
2.5714445
2.7941446
2.7265682
2.7015836
2.6208808
2.5667543
2.5767176
2.630729
2.570011
2.5938919
2.7432663
2.7153916
2.566195
2.5829427
2.5649981
2.5516632
2.5526621
2.670533
2.8393853
2.6466384
2.526281
2.567079
2.5392494
2.7182686
2.5095692
2.6894717
2.4122355
2.5227993
2.5582933
2.638067
2.675243
2.564137
2.6457171
2.6710055
2.5377207
2.6483622
2.5765784
2.6715395
2.5925465
2.7914252
2.5993965
2.4771032
2.6569185
2.5230792
2.6851597
2.48854
2.556078
2.554492
2.4224994
2.5698767
2.7073421
2.4186542
2.636855
2.620444
2.691957
2.5374782
2.6412678
2.7368734
2.6031847
2.5292342
2.5625012
2.6796136
2.569054
2.6690803
2.497463
2.6684988
2.508386
2.5568442
2.5783825
2.5799248
2.566548
2.591989
2.714982
2.5942392
2.6607382
2.68184
2.4472327
2.556453
2.5765214
2.3582993
2.4481573
2.5540316
2.5442371
2.3425016
2.532574
2.642469
2.497402
2.5807848
2.4720962
2.5704956
2.7352085
2.6673684
2.667162
2.6075974
2.5069625
2.5789988
2.3619502
2.481712
2.5825357
2.5180542
2.6025064
2.7376132
2.500036
2.4816058
2.6475775
2.7375638
2.4184105
2.6530726
2.635728
2.5306513
2.551225
2.5255892
2.6882071
2.4709144
2.6809592
2.6127708
2.5862854
2.5423043
2.3945975
2.6841717
2.531181
2.585296
2.5305486
2.5295315
2.3849726
2.4749634
2.6133213
2.6076243
2.5275989
2.5841467
2.5118227
2.5479896
2.5160563
2.6279104
2.4607706
2.539395
2.5189571
2.556418
2.5012398
2.6640725
2.4913552
2.653423
2.5561068
2.4311585
2.5355566
2.5299828
2.5092032
2.4850986
2.4243324
2.5265005
2.5057497
2.6258652
2.3999968
2.6344848
2.6245694
2.464537
2.4155278
2.5668364
2.562532
2.6283517
2.3735652
2.5667307
2.4737043
2.4098208
2.3979158
2.5438607
2.5395865
2.5101643
2.553163
2.5791898
2.5691345
2.4424827
2.4808936
2.6992567
2.5727365
2.5739393
2.5332448
2.4572165
2.4723175
2.371631
2.520225
2.6069136
2.3354719
2.4298823
2.5863383
2.4715474
2.5288322
2.3687449
2.49868
2.6564345
2.4220917
2.5904443
2.5109596
2.457559
2.5304496
2.5273747
2.5234432
2.5279849
2.5099723
2.639773
2.456322
2.4984553
2.5129697
2.5564985
2.4492416
2.4256577
2.4339628
2.4819803
2.3012712
2.4151502
2.6008358
2.3825865
2.3806994
2.448817
2.5303037
2.4586658
2.5364676
2.419648
2.5316784
2.512247
2.537071
2.358584
2.3729396
2.551509
2.4660325
2.5699024
2.4146698
2.5434265
2.4195995
2.725754
2.4458666
2.5945673
2.532459
2.38035
2.400911
2.5539477
2.5829237
2.486886
2.3944848
2.3849175
2.544861
2.454776
2.507966
2.4681327
2.444175
2.5736446
2.2955375
2.395421
2.3241775
2.5005486
2.4952664
2.4506385
2.5942965
2.4997087
2.3545113
2.4762945
2.6622655
2.4643977
2.5026305
2.3634858
2.6913598
2.3514826
2.5171883
2.40532
2.4483073
2.5118718
2.4299917
2.4190218
2.3610907
2.4738026
2.47628
2.4498014
2.531893
2.5340693
2.3531685
2.3880405
2.504061
2.5275285
2.5044084
2.3696496
2.33332
2.4701214
2.3619642
2.410566
2.4492512
2.5101976
2.4184294
2.4516692
2.4449198
2.4453733
2.5351498
2.3491068
2.3762472
2.5241811
2.3726625
2.4919665
2.298488
2.4176524
2.3516626
2.3716805
2.3620665
2.308078
2.4579427
2.4880295
2.337909
2.4647799
2.4506314
2.4199553
2.48258
2.547821
2.5153437
2.4846237
2.52395
2.506011
2.4585755
2.2981668
2.3778088
2.4296217
2.4164355
2.4640722
2.381752
2.4334333
2.3550816
2.3871508
2.309435
2.288554
2.3801334
2.306749
2.5613263
2.3911655
2.4823718
2.5036676
2.4217207
2.5544791
2.3149378
2.4396424
2.4440298
2.3943107
2.4213395
2.403569
2.5650022
2.440646
2.5109603
2.6990583
2.215273
2.4195476
2.4062111
2.3072164
2.4317636
2.2419353
2.442709
2.4257433
2.3831122
2.5445538
2.3675652
2.261387
2.5270226
2.3719168
2.3199613
2.4058075
2.4172366
2.478809
2.4014063
2.36282
2.4898226
2.3887424
2.376575
2.2833786
2.4535003
2.2991474
2.4684951
2.385772
2.4795842
2.41877
2.3346324
2.5574043
2.3521943
2.4990504
2.3249805
2.4392407
2.3991427
2.3488903
2.3207977
2.3033068
2.2903812
2.5120196
2.2508793
2.3516898
2.2713385
2.3714225
2.2450929
2.3054464
2.3992748
2.4349127
2.3000839
2.447727
2.312327
2.380349
2.361121
2.3771255
2.3348076
2.368814
2.3218124
2.4062924
2.4489717
2.3670926
2.5180352
2.526623
2.317788
2.359219
2.278716
2.3127089
2.3894858
2.3672523
2.2567704
2.231442
2.3450649
2.3585036
2.411805
2.300488
2.553019
2.336013
2.451727
2.4532354
2.3091767
2.403282
2.3569093
2.1967754
2.2642686
2.2530906
2.417995
2.451808
2.2895136
2.366195
2.3142028
2.3489661
2.3039205
2.3331945
2.4459264
2.2930465
2.281754
2.308779
2.3548267
2.4107175
2.490152
2.4688919
2.3030136
2.3890514
2.2503045
2.3559144
2.2095613
2.224517
2.4178872
2.3353617
2.3399203
2.3080242
2.406125
2.233438
2.4392142
2.3435433
2.3606362
2.251263
2.2076318
2.3454201
2.320424
2.2798223
2.3480837
2.2128408
2.3185668
2.4724662
2.431926
2.4156551
2.4670672
2.3491302
2.2913704
2.2569287
2.3361456
2.1620927
2.3771245
2.202531
2.3389494
2.3712091
2.2429209
2.257137
2.323546
2.3943272
2.3134272
2.219562
2.3858676
2.309249
2.2941568
2.317213
2.3407645
2.3852262
2.2731533
2.3080547
2.3632765
2.2115803
2.3315485
2.360901
2.436029
2.3530793
2.2389672
2.3529446
2.2210672
2.274257
2.2827888
2.380726
2.3289514
2.1557832
2.2747333
2.334646
2.3461683
2.3189108
2.5090206
2.4095595
2.412469
2.2284682
2.2537985
2.203096
2.2588274
2.3490248
2.230609
2.3111935
2.260108
2.1855085
2.3017218
2.3119364
2.3460908
2.3920856
2.3199294
2.2617273
2.3644578
2.3234742
2.2665513
2.2658339
2.212461
2.2316291
2.2553935
2.2720003
2.3786979
2.3984914
2.1182854
2.285881
2.3042529
2.3891156
2.2640355
2.3074293
2.213637
2.2297661
2.2966955
2.1957033
2.1997235
2.3085663
2.240384
2.1989515
2.2451344
2.2692785
2.281927
2.1448631
2.2620814
2.257352
2.299764
2.3001037
2.3578663
2.3269851
2.2618668
2.1574771
2.277255
2.2817585
2.239222
2.2837358
2.245607
2.2678628
2.2487009
2.2401752
2.2848177
2.3351138
2.302973
2.3157933
2.2584918
2.3007803
2.205689
2.305681
2.2957394
2.3106432
2.3810709
2.3640218
2.2310784
2.2486353
2.1939397
2.2833667
2.2684214
2.206697
2.2403004
2.2976797
2.158494
2.2506363
2.3041337
2.1483598
2.3097246
2.3691921
2.1249716
2.2736652
2.2791104
2.1875122
2.2449121
2.1578567
2.1777968
2.3057375
2.3282921
2.3192198
2.2554917
2.2610626
2.2806363
2.2096527
2.200806
2.1694508
2.3680117
2.242713
2.1335478
2.1977537
2.1827755
2.2059045
2.1479745
2.2610476
2.3073804
2.3188944
2.2238147
2.163076
2.2940862
2.2544608
2.2316399
2.2044032
2.17389
2.202784
2.1833527
2.1525087
2.2662873
2.3312118
2.1969445
2.2394726
2.1798093
2.1511898
2.1304877
2.1940615
2.1978626
2.386344
2.4924853
2.5011857
2.2629936
2.2115233
2.2636924
2.188308
2.1533537
2.0667396
2.2529655
2.185029
2.199661
2.1543097
2.2808013
2.1022387
2.1780844
2.0972352
2.2466025
2.2736642
2.1491997
2.2638724
2.1668677
2.302121
2.2001035
2.185503
2.0964942
2.255624
2.220936
2.0951633
2.1964622
2.202207
2.1551507
2.1641479
2.1197336
2.2805529
2.1946113
2.305358
2.158861
2.1352859
2.1475697
2.2332737
2.264215
2.1629539
2.2055283
2.1270988
2.2004445
2.1182876
2.2235403
2.235383
2.1235256
2.0991688
2.3870234
2.2741282
2.1516776
2.1830702
2.187793
2.1774812
2.12619
2.1965678
2.277089
2.0987744
2.2460265
2.3796518
2.335719
2.0461004
2.3316212
2.1804938
2.1729527
2.0865498
2.172267
2.3064795
2.2041798
2.2050066
2.1463814
2.1956336
2.1901608
2.1708794
2.206062
2.3168445
2.1885874
2.1849368
2.0765536
2.1652699
2.1497984
2.0981798
2.1987526
2.1312475
2.1220002
2.1491961
2.1581852
2.1979666
2.2001472
2.0847268
2.0727642
2.2141984
2.290488
2.2349014
2.0827513
2.0529618
2.2416735
2.2554553
2.2098625
2.1506977
2.1026604
2.2320724
2.1166573
2.1973789
2.096209
2.1925132
2.2663426
2.2760923
2.1768143
2.1299627
2.1466246
2.013438
2.0633624
2.1649203
2.0856612
2.1556513
2.1742682
2.2408044
2.162129
2.2198281
2.2017837
2.1615229
2.1183143
2.0032074
2.1541376
2.0646505
2.133234
2.1144204
2.2059848
2.1472132
2.1659899
2.1404843
2.1222765
2.1391904
2.366084
2.2737062
2.2550058
2.2928305
2.1714592
2.0801923
2.248465
2.2881413
2.1175907
2.062897
2.0696669
2.069103
2.164724
2.1634626
2.1878614
2.136808
2.2723188
2.0977023
2.1726394
2.109632
2.0667949
2.0671475
2.1146758
2.1141038
2.1021252
2.1617608
2.102616
2.148333
2.100184
2.1206355
2.0041955
2.3695073
2.3646488
2.196813
2.0777197
2.0383422
2.2303116
2.3078437
2.133858
2.0390732
2.1479003
2.086332
2.1068656
2.1633613
2.1646762
2.2300086
2.0279016
2.083534
2.0450232
2.0470572
2.1488767
2.2284849
2.0997179
2.0790179
2.1111126
2.1471877
2.1242661
2.1186805
2.0255377
2.2144248
1.9904248
2.2703671
2.1103792
2.1169643
2.0575361
2.096025
2.1301904
2.058274
2.1083698
2.0824773
2.0697997
2.1289175
2.1195595
2.2668474
2.1987567
2.093869
2.1049645
2.0126555
2.060695
2.070536
2.136336
2.028171
2.2102065
2.1177983
2.1544027
1.9807705
2.119127
2.0879295
2.137168
2.1667318
2.1370869
2.039072
2.1701844
1.9807563
2.0478697
2.03557
2.1843295
2.1129818
2.0927076
2.0485795
2.1076076
2.0268965
2.0881906
2.129581
2.0369864
2.2202086
2.05394
2.064981
2.0531528
2.1829042
2.094525
2.0217128
2.096037
2.216722
2.0689821
2.1327567
2.061545
2.1017609
2.1245701
2.0325258
2.1326394
2.014952
2.0858555
2.0123405
2.0553124
2.0529773
2.0654504
2.062665
2.0679193
2.2228255
2.0654595
2.146994
2.0463414
2.2075617
2.1127481
2.0122166
2.0468159
2.0897644
1.9496541
2.000373
1.9842286
2.064086
2.0603735
2.053824
2.1053822
1.9778689
2.135692
2.133906
2.0293865
1.980195
2.1210265
1.945971
2.0537562
2.0771503
2.1276531
2.0567908
2.2508938
2.0509193
2.1170917
2.0464656
1.9560432
2.0915618
1.9933841
1.9989638
2.1273043
2.048024
2.1108751
2.143042
1.9664677
2.077636
2.0887032
2.049441
2.0567782
1.9314116
2.0738358
2.024617
1.9605739
2.0497613
2.2512617
2.094689
2.0717645
2.0162897
2.0683813
2.0112267
2.0072222
2.0634637
2.137712
2.0902758
2.0562656
2.0291135
2.0817194
2.0103467
2.048654
2.0109937
2.0354662
1.9884353
2.0362813
2.0102193
1.9834716
1.9895498
2.0501807
2.0281868
2.0541642
2.133864
2.0140376
1.9792267
2.1093588
1.9757915
2.2986312
2.267284
1.985558
2.0763268
2.0288732
2.016029
2.0128584
2.0363054
1.9541755
2.0510802
2.0318093
2.0310147
2.1325054
2.1342258
2.052449
2.054695
2.0538235
2.0500321
2.022148
2.045788
2.0056472
2.1027954
2.1097617
2.0164437
2.013035
2.0192707
1.9797587
1.9517637
2.0321136
1.9573016
1.8796356
2.069138
2.0589654
1.863358
2.0094547
2.1868198
2.01721
1.9580797
1.9144235
1.9939007
2.013342
1.996547
2.0135841
2.0511098
2.1110027
2.285205
1.9968972
1.9945443
2.0521772
2.0775988
1.932771
2.0171053
1.9008
1.9943858
2.0738695
1.9281915
2.0028696
2.1721358
2.0107682
1.977689
2.1218674
2.0050514
1.9691949
1.983858
2.006089
2.3422225
2.1969984
1.9127501
1.9830885
2.008416
1.9042053
1.8987038
2.0494986
1.9448671
2.0424144
1.9147007
2.0458589
2.1142838
1.9870185
1.9354664
2.0050979
1.9786414
2.0043447
1.9877269
2.0694358
2.0645256
2.0722756
2.0452528
1.9590769
2.003501
2.026942
2.029332
2.0388625
1.8796239
1.9384602
1.8722954
1.9583883
1.9437947
2.019751
1.9548917
1.9910487
1.9694041
1.9548641
1.9391063
2.1188908
2.1130068
2.020185
1.9981375
1.9970108
1.7976187
1.9960462
2.0531845
1.8637565
1.9652765
1.9968197
1.9791183
1.982599
2.0047247
2.0850382
1.9815438
2.0183256
2.026036
1.9529011
1.9701747
2.026824
1.9716716
2.0000777
1.8997265
2.0779574
1.9362072
1.970794
2.0233681
1.953126
1.998945
2.1703181
2.0431507
1.9899117
1.953793
2.1128526
1.9363304
1.9354069
1.8517369
1.9435401
2.1611073
2.01716
1.9594289
1.9431489
1.9563806
2.083153
2.0222054
1.8966141
1.9730706
1.9385077
1.9620343
1.9237171
1.9029193
1.9324596
1.959861
1.984448
2.1572115
1.9815785
1.9415364
1.9502884
1.9547589
1.9638541
1.985055
1.8945466
1.987678
1.8720219
1.9201094
2.1170778
2.0623472
1.9839498
1.9532298
1.8563823
1.9720725
1.8778329
1.9580433
1.9324789
2.0092206
2.0118983
1.887514
1.9671673
2.0457678
1.8843169
1.841179
1.9134468
1.8818977
2.0239027
1.9477767
1.9998403
1.9091622
1.973001
1.9495664
1.8883226
1.910606
2.0145588
1.9331977
1.9187442
1.9121665
1.8607509
2.0538888
2.039749
1.96524
1.9486012
1.9104522
1.9329125
1.8762145
1.9535288
1.9491687
1.88206
1.9474705
1.9333638
1.934753
1.9452175
1.9707043
2.041921
1.9908686
1.8839624
1.8976386
1.8549712
1.8785945
1.9846959
1.9270436
1.9946109
2.163452
1.9887849
1.9868776
1.9253353
1.9234421
1.900795
1.852272
1.8858075
1.8855128
1.8456618
2.0305417
2.2247481
2.2346041
1.9906764
1.8793658
1.9224105
1.9474875
1.9978
1.9026146
1.9095998
1.9497094
1.882462
1.8367076
1.8824577
1.8316832
2.0185099
1.9401196
2.0531309
1.907082
1.8648012
2.008418
2.026328
1.8380573
1.8849595
1.9140049
1.8620901
1.936884
1.9027514
1.9047418
1.9857594
2.0144958
1.9667218
2.0086477
1.9725646
1.9553003
1.813916
1.9246386
1.919831
1.9155703
1.8773532
1.9323512
1.8802606
1.9119284
1.8271652
1.8741417
1.8955255
1.9277437
1.9115074
1.8419075
1.9281366
1.8756006
1.8426921
1.9620934
1.8843042
1.9300941
1.9053817
1.8374742
1.8414286
1.9769197
2.1972566
2.0013187
1.8623033
1.9555914
1.8603932
1.8475237
1.9069134
1.9336803
1.874552
1.9385018
1.966979
1.8619142
1.8595275
2.0322073
2.154884
2.1343048
2.0596738
1.927644
1.867074
1.8409996
1.7888846
1.8724103
1.9295585
1.9128438
1.8820454
1.890745
1.921734
1.9238946
1.9304754
1.9262602
1.849669
1.8946992
2.015709
1.8555725
1.899421
1.8001081
1.93885
1.9048616
1.8701253
1.8178924
1.8780997
2.0042756
1.9462576
1.8432492
1.8100771
1.8288774
1.8650961
1.915433
1.9432173
1.8833889
1.8766266
1.9318036
1.9353453
1.8234811
1.7831155
1.7148987
1.8542246
1.9548777
1.8703511
1.7856327
1.8589692
1.939396
1.8496507
2.1436183
1.8520528
1.8755126
1.871501
1.7529826
1.8408269
1.8808054
1.852365
1.8713487
1.8730179
1.8863587
1.8439136
1.838551
1.9719925
1.9567686
1.849093
1.8881587
1.835778
1.8949956
1.8526313
1.8512591
1.8387284
1.9447038
2.1282084
1.8663871
1.809875
1.9116225
1.9000201
1.8821096
1.80158
1.8184584
1.8504992
1.8825235
1.8831589
1.8819244
2.0803
1.893886
1.8830298
1.8439412
1.9267803
1.9910762
1.863877
1.9315703
1.8838581
1.7816367
1.8037051
1.7894118
1.894618
1.8500148
1.9036725
1.9948869
1.881196
2.0055208
1.8751941
1.8586142
1.8340585
1.8710322
1.8513852
1.8507298
1.851697
1.8740963
1.7548715
1.8001814
1.9128336
1.806255
1.7920694
1.9174817
2.0982885
1.9382029
1.8542098
1.8439969
1.9127955
1.8181573
1.8923402
1.8035616
1.8266793
1.7760369
1.8106108
1.8469608
1.9415131
1.8797946
1.9078624
1.9228835
1.86978
1.8295338
1.7706751
1.8633641
1.8515887
1.8377155
1.7835277
1.8088285
1.870644
1.8617805
1.8170371
1.9081764
1.7354517
1.8169188
1.7904799
1.9311385
1.848895
1.8188825
1.8971814
1.8333682
1.9079351
1.8238187
1.7894697
1.7734267
1.7537651
1.7699902
1.8710272
1.8700267
1.794669
1.8763367
1.823208
1.8446198
1.8567101
1.826908
1.8634449
1.7665559
1.8859555
1.7894158
1.8148253
1.7944087
1.9245795
1.8737063
1.8613461
1.8594002
1.8895633
1.8515114
1.9412682
1.8750795
1.7702228
1.7561285
1.7950125
1.8580594
1.9774032
1.8053905
1.7568724
1.822666
1.8659203
1.8489898
1.8472164
1.771903
1.7819403
1.8397368
1.8074276
1.8406138
2.0089295
1.9378492
1.8554095
1.7928468
1.8326117
1.745837
1.7716554
1.7694578
1.7267915
1.9353676
1.8050848
1.8345582
1.8080639
1.7934234
1.790119
1.8646263
1.778075
1.7731597
1.814514
1.8130673
1.6791915
1.7626374
1.809453
1.8208725
1.7021627
1.9123561
1.8159938
1.9518019
1.802598
1.7736611
1.8454088
1.8293915
1.8608642
1.8252052
1.791432
1.7886113
1.9086709
1.772385
1.7987816
1.788262
1.7723819
1.7888825
1.8013905
1.7159649
1.8243579
1.8262172
1.870133
1.8666615
1.7315986
1.792008
1.9299923
1.8343114
1.821967
1.8127632
1.7810472
1.767694
1.7316589
1.7818817
1.8293979
1.7056744
1.9039422
1.7255441
1.748341
1.8011446
1.8323152
1.7490408
1.807178
1.7707465
1.7845405
1.7690588
1.7610915
1.795473
1.8211898
2.04001
1.8545167
1.713866
1.7872657
1.7228212
1.7133112
1.7583718
1.8439757
1.8647689
2.0822942
1.8859984
1.7890204
1.80356
1.7973485
1.7749165
1.744722
1.7459168
1.8115517
1.8191736
1.8690141
1.7435592
1.7358989
1.7366086
1.7396344
1.7453294
1.9301399
1.7944632
1.8009505
1.8072838
1.82567
1.7196913
1.8979766
1.7762266
1.847931
1.7612662
1.749048
1.7850103
1.7823792
1.8966774
1.9266484
1.9207673
1.7531096
1.733973
1.743402
1.6884737
1.778337
1.734659
1.794415
1.8201299
1.8763978
1.835616
1.7531596
1.7691197
1.6509576
1.8081253
1.8544452
1.7766283
1.8133262
1.8386081
1.7605643
1.7145559
1.7452643
1.7153974
1.7386206
1.718203
1.8371177
1.7518541
1.8699358
1.9017447
1.680759
1.7226219
1.7381577
1.7662135
1.781607
1.6841317
1.7723116
1.767848
1.8309464
1.7371827
1.808383
1.8722214
1.7750009
1.7293153
1.6939011
1.7788435
1.8547703
1.7863197
1.7971057
1.6981293
1.7610381
1.7169862
1.7769412
1.687059
2.107457
1.968513
1.778257
1.7414953
1.7102804
1.7520478
1.8330389
1.8832723
1.8529449
1.7396556
1.7664053
1.7258607
1.7885239
1.7229837
1.9104327
2.095876
1.8291821
1.7033185
1.7392769
1.7481356
1.744727
1.6860372
1.746326
1.7331238
1.765014
1.6877316
1.7727829
1.6936901
1.7303953
1.7732425
1.778687
1.872286
1.8229359
1.8130933
1.7926096
1.7315685
1.6428522
1.7602148
1.7473755
1.7420856
1.8611435
1.8306792
1.7288558
1.6721379
1.7545192
1.6866003
1.7517873
1.7644005
1.8098726
1.8419932
1.7625972
1.637975
1.7370143
1.7506301
1.7469524
1.8424733
1.7819325
1.8057064
1.7365112
1.8362763
1.7571558
1.7193053
1.6630367
1.6967984
1.725685
1.6965876
1.6627336
1.634824
1.7557217
1.8345742
1.8583145
1.8264848
1.7251354
1.7047458
1.7561159
1.743884
1.8353462
1.6924127
1.7916435
1.7298664
1.7054024
1.7344925
1.7870525
1.7583243
1.7417375
1.704125
1.7312267
1.8322568
1.7435882
1.6622347
1.7172759
1.7575668
1.7341971
1.6918057
1.7357876
1.8083377
1.7620597
1.6900985
1.681952
1.685869
1.648354
1.7779756
1.7407057
1.6893573
1.6812283
1.7955651
1.7593838
1.7126
1.7382064
1.6895386
1.7333724
1.7767594
1.7746801
1.6700419
1.6759926
1.6925206
1.7153932
1.7252018
1.6748047
1.6459422
1.7049927
1.7638806
1.8253459
1.869727
1.7204313
1.6740141
1.5905559
1.6529208
1.8046223
1.8206134
1.7068756
1.7171291
1.7345597
1.8054928
1.7402076
1.7611766
1.7199689
1.7866341
1.8802576
1.862189
1.8662193
1.7818114
1.6574962
1.7235471
1.7042592
1.7546283
1.6692673
1.6786036
1.7631488
1.7662665
1.7596145
1.7037784
1.6895115
1.7130115
1.6439782
1.6244445
1.6918266
1.7403595
1.6784645
1.6838642
1.7129272
1.7239031
1.70256
1.750365
1.9028147
1.699245
1.642649
1.7005447
1.6392779
1.6576171
1.712126
1.7119126
1.7427005
1.6399211
1.7737175
1.7247488
1.8053348
1.7351747
1.6025778
1.6928735
1.5803813
1.7547954
1.8882294
1.6859686
1.6742489
1.6944098
1.6758199
1.7190475
1.6373322
1.663929
1.688436
1.7322786
1.7454017
1.6277068
1.7197804
1.7180994
1.7162721
1.6742179
1.7566043
1.7603966
1.6716063
1.6245068
1.6735266
1.6137134
1.6125684
1.6493099
1.7004747
1.7501875
1.6415073
1.6896619
1.6513046
1.7533259
1.6775705
1.7353402
1.9189583
2.0041814
1.7209601
1.8162863
1.8211523
1.8101655
1.7233924
1.6366518
1.6707209
1.6599813
1.6155592
1.67038
1.6687763
1.699193
1.6739879
1.6901981
1.6016982
1.7210228
1.5759221
1.7249302
1.6586093
1.6643226
1.7679373
1.7146274
1.6840279
1.6654196
1.7966561
1.7137643
1.6363446
1.6881253
1.6483189
1.665511
1.6496927
1.645762
1.6947502
1.6295161
1.6795326
1.8316064
1.7670718
1.732992
1.6907358
1.6922306
1.6610284
1.7092546
1.7708886
1.8255295
1.6327707
1.7069106
1.794372
1.6814241
1.6763558
1.6570878
1.6285007
1.6162261
1.6111655
1.6149226
1.714236
1.7064247
1.5878093
1.6341605
1.7132344
1.7434524
1.680234
1.6736534
1.7357587
1.7085098
1.7460397
1.625493
1.7417904
1.6979957
1.5930868
1.6101078
1.6899081
1.5823777
1.7950794
1.8872099
1.8733999
1.7232976
1.6597651
1.6902658
1.7449704
1.6328791
1.6416359
1.7808908
1.8876146
1.6403143
1.6651185
1.6110536
1.6768789
1.7069436
1.6832484