5.548551
5.5174623
5.3235607
5.1496034
4.807417
4.5305276
4.351919
4.365971
4.3565474
4.141611
3.7550595
3.8665183
3.6816654
3.6589403
3.573515
3.5918872
3.4238572
3.3556736
3.3304706
3.43489
3.1835773
3.2477698
3.0537672
3.2585163
3.1370099
3.1083264
3.1672187
3.0825891
3.0354254
3.1765978
3.031664
2.9123168
2.9494317
2.8765867
2.752457
2.867519
3.0252674
2.848517
2.7900608
2.81827
2.8878202
2.9865735
2.8263144
2.8099444
2.923957
2.5384393
2.771337
2.932672
2.574937
2.820358
2.6880841
2.8237977
2.615524
2.7776215
2.764946
2.5759647
2.7096949
2.7490804
2.7595446
2.6673145
2.8723798
2.7937872
2.7186923
2.6753767
2.726932
2.5920596
2.6070604
2.687608
2.6927087
2.6708004
2.6319227
2.7652853
2.5614767
2.6940198
2.6088607
2.5717065
2.762655
2.5458615
2.8656538
2.4790232
2.5274582
2.6797311
2.5985205
2.624147
2.523034
2.664624
2.3620043
2.6584907
2.679269
2.605536
2.5755408
2.5526807
2.714894
2.6345909
2.7259479
2.68323
2.508293
2.6050165
2.57863
2.5961893
2.5396976
2.558794
2.4823728
2.4626603
2.781666
2.4051204
2.6656158
2.4621353
2.619524
2.8189437
2.541159
2.6017733
2.6349251
2.5993621
2.3902936
2.4327903
2.570332
2.5133529
2.622406
2.3781812
2.6581275
2.4295814
2.5139308
2.6258118
2.5896919
2.42274
2.5561426
2.7115977
2.671744
2.4321446
2.5734131
2.4059615
2.40069
2.618215
2.484274
2.6824832
2.5869312
2.6087253
2.4971724
2.4219058
2.3969238
2.5418432
2.3865933
2.5715637
2.772583
2.5256834
2.4946718
2.6350393
2.435252
2.4246025
2.675679
2.7153504
2.4547956
2.4262812
2.6430752
2.4590569
2.5205605
2.4101086
2.3042629
2.4484167
2.4962182
2.6246402
2.541224
2.5220106
2.3656194
2.6570585
2.4423575
2.572438
2.4382217
2.5245945
2.4772646
2.5864234
2.4038236
2.4559531
2.5047526
2.5379272
2.4562097
2.4392302
2.3486724
2.518033
2.6489408
2.5030737
2.6164575
2.5128307
2.2949333
2.4436567
2.5269732
2.4362614
2.589179
2.4146237
2.6824589
2.4596148
2.5528154
2.3245304
2.4938407
2.5679624
2.4502094
2.458292
2.6092227
2.5012093
2.4538224
2.5139656
2.3988082
2.5299172
2.321263
2.5415516
2.489557
2.382614
2.3822114
2.6339483
2.3812296
2.442187
2.4232218
2.7179098
2.2917366
2.5609596
2.4704762
2.5177448
2.455116
2.3076437
2.418742
2.5252929
2.5441427
2.4022186
2.3322017
2.518604
2.5424922
2.4214792
2.4875762
2.3708124
2.473519
2.592565
2.7076068
2.3573716
2.5130663
2.3705683
2.5898142
2.3456175
2.2352848
2.5197484
2.5328014
2.441529
2.3851018
2.5225458
2.7075
2.5349853
2.5526578
2.56283
2.2233284
2.3061492
2.4740527
2.4853537
2.4422584
2.2425487
2.5652108
2.350421
2.4368734
2.5421603
2.5565739
2.3985207
2.4326546
2.6160069
2.2713943
2.3829641
2.5210748
2.4546947
2.4916213
2.4092796
2.4239268
2.32042
2.5453806
2.4076807
2.400475
2.46477
2.4386964
2.5381975
2.5041914
2.405636
2.441885
2.4288712
2.4295459
2.5649557
2.5962768
2.4363036
2.2074895
2.356327
2.5173488
2.4111753
2.4969957
2.4613247
2.4825404
2.4421554
2.3798215
2.5630605
2.473946
2.4738543
2.4745836
2.3789806
2.3407564
2.585837
2.4870021
2.5766811
2.455237
2.2713964
2.3506446
2.4982598
2.3926945
2.430751
2.2871532
2.3738945
2.4704833
2.4691107
2.7973855
2.373521
2.3713334
2.4611292
2.3629599
2.3442311
2.4477367
2.570961
2.3851807
2.5148878
2.306643
2.4430783
2.4358454
2.5132782
2.4214723
2.353528
2.469601
2.4112947
2.3652325
2.4490194
2.3742886
2.4935997
2.3922067
2.3146927
2.2259192
2.575836
2.330103
2.453907
2.3576913
2.5594268
2.491648
2.3800633
2.4587295
2.5942266
2.353008
2.283017
2.4813206
2.483662
2.3406239
2.558437
2.2518082
2.483628
2.4362714
2.2810307
2.6609497
2.4950755
2.2347953
2.3840685
2.634798
2.4807568
2.255462
2.5308824
2.357356
2.380485
2.5709546
2.6464329
2.266091
2.407112
2.4155874
2.3025603
2.4095755
2.2736533
2.4621553
2.4320452
2.4138181
2.4615345
2.3879082
2.5477307
2.3647988
2.459386
2.3832557
2.555473
2.5679884
2.4216616
2.4246628
2.3103
2.3299184
2.5179107
2.403491
2.3093293
2.3579648
2.4741874
2.4050488
2.451148
2.372167
2.3314335
2.3869038
2.3782713
2.5328908
2.4922805
2.3789659
2.3830378
2.4886918
2.3387427
2.3282151
2.3368375
2.4078226
2.3670979
2.6119828
2.3748937
2.4551363
2.4234953
2.5762627
2.4478464
2.406465
2.2905276
2.411241
2.3520553
2.4968994
2.6087196
2.534402
2.329435
2.27833
2.408348
2.3095696
2.3794072
2.3973284
2.6384745
2.2784755
2.274126
2.4347525
2.5132422
2.4998775
2.4292784
2.4037476
2.2543669
2.500093
2.3659089
2.1872458
2.5515141
2.5136306
2.3162172
2.4390476
2.3647094
2.4640043
2.5940344
2.5113056
2.3228197
2.2747772
2.5075722
2.372672
2.343003
2.4231575
2.4521692
2.3583512
2.391797
2.3475554
2.490308
2.368657
2.4678364
2.5495086
2.5369587
2.3325853
2.3724601
2.4386053
2.2976644
2.3389242
2.2614899
2.3528256
2.6053083
2.3376255
2.365843
2.261274
2.2698038
2.4163828
2.4824243
2.495081
2.4852645
2.557439
2.329262
2.2317991
2.403227
2.5053093
2.3428173
2.355682
2.3324175
2.2816644
2.396799
2.411974
2.5255327
2.4659245
2.471171
2.4687974
2.3531861
2.6791186
2.262739
2.4398797
2.32284
2.1940749
2.287691
2.274407
2.4632473
2.5592134
2.4865494
2.305671
2.5578632
2.4642398
2.2643447
2.3151407
2.3581688
2.3030508
2.5089312
2.461516
2.4347267
2.5772767
2.3241773
2.3490648
2.3588896
2.408811
2.3844934
2.4566202
2.3499227
2.5488358
2.3727405
2.3486183
2.366847
2.3654964
2.3426127
2.3909447
2.5099838
2.4017913
2.4352953
2.418228
2.5474088
2.3063095
2.3602936
2.246863
2.4198585
2.344723
2.4506185
2.2441125
2.3311145
2.2981842
2.6947558
2.3064737
2.4070013
2.4243448
2.4713104
2.3860385
2.2699687
2.4640849
2.3111207
2.3915348
2.355248
2.3669894
2.4704237
2.3789976
2.4333189
2.5081332
2.4407232
2.27926
2.467334
2.288246
2.5218232
2.3789563
2.4338114
2.630229
2.3839214
2.2513359
2.458188
2.4144933
2.3884537
2.1955175
2.3094578
2.2739468
2.4742303
2.2411795
2.2948806
2.4024305
2.4612684
2.3185573
2.4651115
2.138549
2.433797
2.6461136
2.4255342
2.2921133
2.3623896
2.3834798
2.3626895
2.185619
2.3846796
2.4567802
2.3989244
2.655322
2.3480613
2.2807212
2.5394566
2.239772
2.3380263
2.4642897
2.4161942
2.550957
2.4440374
2.3787367
2.5034895
2.330553
2.2479813
2.290792
2.5557325
2.1620927
2.525985
2.493188
2.3166435
2.3665876
2.2845309
2.3891144
2.3361259
2.3117902
2.476841
2.50235
2.5093148
2.3429804
2.299482
2.313792
2.39614
2.332669
2.172926
2.3722773
2.6636963
2.3277059
2.5033617
2.3443058
2.325254
2.3514607
2.4266424
2.3721192
2.3911374
2.4192398
2.4448578
2.3368347
2.4101264
2.4264581
2.3513274
2.3654249
2.4288762
2.2920988
2.4314554
2.3097098
2.383381
2.313786
2.4260294
2.3811386
2.4472916
2.3584695
2.467165
2.4511766
2.2321992
2.3790307
2.391146
2.539756
2.384153
2.3641677
2.3880894
2.1963377
2.3959837
2.377801
2.4086986
2.3290534
2.2363136
2.1982853
2.4070418
2.2935364
2.4175525
2.4290655
2.520893
2.5915756
2.4309258
2.4250593
2.3975008
2.2309327
2.484446
2.3165853
2.4185753
2.303434
2.538298
2.2769756
2.3714569
2.4198594
2.4278252
2.2285829
2.3934276
2.402538
2.3874695
2.357422
2.4171078
2.2328904
2.307547
2.3895032
2.4517696
2.3475304
2.4717948
2.304221
2.3760483
2.4882786
2.361542
2.3853767
2.3695605
2.425669
2.478109
2.3850162
2.438359
2.1871498
2.2764578
2.4186587
2.3607283
2.3996973
2.3756595
2.3891344
2.529272
2.3397157
2.2901223
2.3231537
2.4647357
2.3555589
2.4833286
2.3223689
2.326413
2.4172463
2.4897532
2.332426
2.2738442
2.362389
2.3359408
2.3990593
2.4052138
2.310936
2.3527606
2.449441
2.3577273
2.426267
2.4781706
2.38005
2.3112388
2.319948
2.3084278
2.461224
2.2615407
2.3528986
2.3654327
2.2293808
2.5381358
2.378496
2.2506046
2.4619286
2.3850667
2.387379
2.352933
2.463972
2.2210026
2.5021508
2.3549538
2.319389
2.375238
2.4382582
2.5307162
2.38755
2.2807667
2.3258696
2.3996356
2.3719764
2.4408925
2.347886
2.5002458
2.2653446
2.4857993
2.3027086
2.2915103
2.490491
2.4019272
2.1680818
2.2659197
2.2008526
2.4287624
2.3126783
2.3490489
2.3661153
2.4144342
2.4071321
2.530284
2.391782
2.3686013
2.3342175
2.2682743
2.425847
2.1925979
2.2249694
2.2915876
2.4925442
2.4900248
2.2683861
2.4024055
2.3972883
2.4986086
2.2796476
2.4207723
2.3674796
2.4263918
2.2740014
2.3725295
2.3943524
2.3536456
2.390515
2.2918346
2.390343
2.3476121
2.4217048
2.4879198
2.4971592
2.1881602
2.3299456
2.3787599
2.2445643
2.4889235
2.321577
2.3762634
2.3563478
2.5779905
2.2640057
2.4972458
2.4424772
2.2127035
2.4101477
2.3678646
2.2724063
2.2925408
2.4035103
2.3354511
2.3344188
2.4116662
2.5375445
2.379712
2.3168845
2.3548937
2.4745953
2.2864878
2.187702
2.406531
2.3656836
2.3706713
2.3364816
2.2774837
2.2884874
2.4861202
2.5633771
2.3729234
2.2471657
2.3870063
2.3239303
2.3301108
2.3990576
2.371799
2.2643344
2.3974025
2.3783934
2.4095237
2.3952208
2.265515
2.2585034
2.4227264
2.430767
2.4255848
2.193608
2.4479272
2.2621546
2.445717
2.4665337
2.3769317
2.3311176
2.2968426
2.5124505
2.2649124
2.4143722
2.4461603
2.1931498
2.2721336
2.3037105
2.3565369
2.5199544
2.2606843
2.5610893
2.568742
2.324539
2.261248
2.1993144
2.244404
2.379566
2.5026157
2.3407214
2.3970551
2.188769
2.5113714
2.365627
2.2961993
2.3494844
2.4300513
2.568283
2.1818397
2.1461594
2.2770374
2.4152021
2.4429505
2.5303333
2.2575588
2.320436
2.3987663
2.312875
2.2790725
2.4035184
2.3614385
2.3229334
2.4207125
2.2162364
2.3773825
2.3806925
2.3996654
2.4097738
2.2513392
2.3830054
2.364119
2.5211802
2.2252336
2.4178207
2.4235277
2.2623138
2.4829397
2.238271
2.4142666
2.619769
2.3692708
2.270738
2.2910526
2.4049842
2.199359
2.4619622
2.365493
2.2576146
2.2210991
2.3703175
2.4925115
2.3904102
2.2825866
2.3128986
2.324198
2.3315494
2.3059263
2.476149
2.4452536
2.1933403
2.175332
2.3963385
2.340047
2.2069588
2.4839747
2.549933
2.5547717
2.4175751
2.4423544
2.3448102
2.4635744
2.2914422
2.3019593
2.4206133
2.386895
2.2363167
2.4555976
2.3376608
2.207981
2.3749769
2.3057718
2.3931022
2.354474
2.3345702
2.4800835
2.2878795
2.4003413
2.3409681
2.438987
2.2179513
2.320015
2.4165592
2.2760105
2.320109
2.4779572
2.5219963
2.4129887
2.359396
2.311181
2.2165995
2.2366703
2.2998698
2.363625
2.3592107
2.4102948
2.3741174
2.3672214
2.4459226
2.26167
2.3411448
2.3610847
2.3649101
2.217058
2.338967
2.23623
2.426967
2.3340564
2.4272494
2.472506
2.4328122
2.3376439
2.4259853
2.1930647
2.2440474
2.449321
2.4276857
2.3892336
2.2389364
2.2687206
2.3702734
2.4541144
2.2637439
2.4008856
2.286285
2.438702
2.286011
2.4574182
2.4288225
2.379172
2.3668082
2.1332302
2.474714
2.3263052
2.1980731
2.3406656
2.3805401
2.4307287
2.3525498
2.2393947
2.2557147
2.5263445
2.3826156
2.3130887
2.2532783
2.2609289
2.4068944
2.3893042
2.527728
2.3130903
2.276459
2.4096785
2.3707957
2.2518563
2.466423
2.4036367
2.249753
2.29977
2.256695
2.2523594
2.331401
2.3991075
2.4672332
2.4131193
2.2157433
2.3518767
2.2901685
2.3629372
2.5486844
2.2150877
2.287865
2.430848
2.313007
2.3675811
2.4347498
2.3661032
2.3479073
2.3939817
2.2557027
2.3779163
2.3454776
2.2429688
2.2534862
2.4056365
2.3566968
2.4138367
2.1850944
2.573631
2.2146826
2.2295468
2.5608141
2.3396125
2.3503027
2.3817039
2.340928
2.3586836
2.3217232
2.2079
2.370862
2.2759159
2.3527708
2.4018168
2.3206413
2.2706435
2.3797312
2.3684638
2.4253078
2.4817946
2.3477464
2.4038355
2.3201072
2.510573
2.3498757
2.2469747
2.26175
2.223621
2.2984412
2.437847
2.389985
2.3430765
2.3125947
2.3609908
2.3045082
2.4112878
2.2938051
2.3688357
2.3659463
2.3363366
2.4015188
2.3805997
2.3829913
2.2989187
2.258798
2.3420494
2.317744
2.3991878
2.3615196
2.284689
2.4493644
2.403314
2.3841882
2.345173
2.2507596