3.6484656
2.8790576
2.718295
2.6397707
2.5150208
2.485749
2.502732
2.4568577
2.4163904
2.3927474
2.3597002
2.3780012
2.3762956
2.329415
2.31852
2.3440511
2.3081057
2.3061454
2.2580504
2.3265495
2.2435567
2.265446
2.2387297
2.2362986
2.2392278
2.2345932
2.1930137
2.1757438
2.2753892
2.2450745
2.2478242
2.145131
2.218145
2.1883166
2.194471
2.2096689
2.1473784
2.186336
2.1828203
2.1434388
2.2057538
2.1426017
2.2234857
2.137478
2.0936048
2.1504633
2.1891582
2.1225631
2.129901
2.1183438
2.2039745
2.1514041
2.1425965
2.144525
2.0220733
2.0807352
2.231813
2.1212265
2.1158645
2.161661
2.0943305
2.11885
2.0904443
2.0357642
2.1680746
2.1197999
2.0985887
2.1644535
2.067995
2.0627217
2.085192
2.0212328
2.1133091
2.1119828
2.1975787
2.0322247
2.1121175
2.1105988
2.0710278
2.0385656
2.0945437
2.087035
2.0820527
2.0840957
2.045237
2.1374052
2.0594933
2.0211875
2.0734487
2.106564
2.0624168
2.05854
1.9923037
2.1294281
2.0687482
2.0575747
2.1031775
2.005601
2.0354147
2.0594568
2.1073768
1.981175
2.089543
2.0407395
2.0904078
2.045162
1.9928967
2.0963552
1.9987593
2.019016
2.0830023
2.049423
2.069494
2.0892377
1.9789073
2.0433218
2.0270503
2.0363853
2.0568218
2.0393806
2.0092072
2.0984004
1.9606763
2.0616875
2.0094826
2.0146062
2.0543253
1.9773837
2.0636487
2.0224938
2.0903225
1.9803009
1.9736363
2.022828
2.0347695
1.9988494
2.0434592
2.0102584
1.9456891
2.0447233
2.0334213
2.0609937
2.0071251
2.0232232
1.9646578
2.0196533
1.9785292
2.0571866
2.0445874
2.0021534
1.9701885
2.07824
1.9674668
1.9783943
2.0448134
1.9407525
2.0047789
2.0435555
2.0083306
1.9995688
2.010963
1.9842247
2.0090365
1.9498831
1.9372151
2.0007465
2.072905
1.9691526
1.9951155
2.0581634
1.9308122
1.9612715
2.0065856
1.9801478
1.9817182
2.0588334
1.9360434
2.0431113
1.9610548
2.0063047
1.936055
1.9638401
2.008142
1.990468
2.0254598
2.0025408
1.9462241
1.9929719
1.9936833
1.9586747
1.9691038
1.9891653
2.010706
2.00207
1.9527917
1.9346771
1.9591384
1.984367
1.994157
1.929429
1.9500823
1.9694879
2.0110345
1.9599375
1.9865651
1.934177
1.9774858
1.9515611
1.9711435
1.942937
1.9819905
1.9803696
2.0143163
1.9608268
1.9296136
1.9734263
1.9672923
1.9845489
1.9707003
1.9945405
1.8915856
1.9014039
1.9461933
1.9964547
1.9788275
2.0129344
1.9343026
1.8960954
1.9966037
1.9897705
1.9664661
2.0038188
1.9051033
1.9503804
1.8933825
1.9586737
1.944199
1.9755543
1.992526
1.9755319
1.9081573
1.8938327
2.0034318
1.954939
1.9619564
1.9214141
1.9083515
1.9850092
1.9234519
1.9480104
1.9773474
1.914288
1.9520853
1.942998
1.9266275
1.8743166
1.9963031
1.9655905
1.9094102
1.9923068
1.9220935
1.8993782
1.941133
1.9723746
1.9338405
1.8938806
1.9200699
2.028974
1.949089
1.9118041
1.9098554
1.9041039
1.9375681
1.9147732
1.9621547
1.9323999
1.9441304
1.9897122
1.8816417
1.9457172
1.9384302
1.9126465
1.9073294
1.8871976
1.9722302
1.9169544
1.94845
1.894508
1.9029552
1.9341714
1.9032965
1.9805604
1.9582224
1.9205005
1.9092058
1.9165868
1.8990926
1.9452205
1.9486226
1.908595
1.9477283
1.9634461
1.8761356
1.9042212
1.8885896
1.916777
1.923414
1.8758479
1.9342728
1.9118041
1.9223604
1.9105197
1.8812232
1.9566286
1.9174893
1.9145417
1.9317219
1.9395818
1.8802983
1.8723776
1.9528793
1.8494426
1.9144721
1.9566458
1.8970658
1.9782188
1.857945
1.9139504
1.8879334
1.9901919
1.8701177
1.8912735
1.9132692
1.8577063
1.959543
1.9513669
1.8204112
1.8653258
1.9033474
1.9150783
1.9010731
1.902953
1.9061104
1.9336795
1.8461483
1.9048909
1.955351
1.8811545
1.8910595
1.9079955
1.8632121
1.9232135
1.9223909
1.8758467
1.8459938
1.9322704
1.8742938
1.9565572
1.8726509
1.8797941
1.9141049
1.8937392
1.8414943
1.9118085
1.9022516
1.8900584
1.9450151
1.8580453
1.8760437
1.8641723
1.9510567
1.8561896
1.844894
1.9148668
1.9054207
1.8576742
1.9365615
1.9042226
1.8791837
1.836635
1.8946053
1.8831347
1.8904706
1.838531
1.9218043
1.8944025
1.8932079
1.8793182
1.8796189
1.879959
1.8865927
1.8249049
1.8849547
1.936779
1.8422133
1.924364
1.8756549
1.867503
1.8968109
1.8800607
1.8853972
1.8720807
1.9154073
1.8248067
1.8762238
1.8784076
1.9042907
1.8733295
1.828157
1.874131
1.9003491
1.9031518
1.8461245
1.8403653
1.8864719
1.8822808
1.88619
1.833591
1.8230579
1.8663331
1.9800482
1.8813304
1.9028662
1.838331
1.85617
1.7953967
1.907019
1.8885617
1.8462024
1.8589741
1.8774524
1.8401963
1.8951439
1.8480474
1.825375
1.9106498
1.8573154
1.8628179
1.8664274
1.8528289
1.8618762
1.8739676
1.8190564
1.8818977
1.8086753
1.9251398
1.879115
1.8608904
1.8941075
1.8069632
1.8190423
1.8754207
1.8950531
1.8642287
1.8847177
1.851745
1.7971507
1.8829391
1.7917546
1.9006413
1.904118
1.8260946
1.8377538
1.8274318
1.8484883
1.850127
1.8799989
1.8317657
1.8831732
1.806027
1.8782663
1.8530588
1.8416616
1.8396249
1.8968611
1.8234326
1.8507025
1.8101727
1.8946135
1.8295511
1.9256945
1.8744437
1.7520176
1.8324866
1.8958424
1.858044
1.8132342
1.9313064
1.7712663
1.843802
1.8331832
1.8724655
1.7772359
1.8473572
1.8424153
1.8176603
1.8619214
1.8484541
1.8358802
1.8580283
1.83575
1.816322
1.9008325
1.8222516
1.7624179
1.8415494
1.8410536
1.8840638
1.8035315
1.8489286
1.9180887
1.8073546
1.8783062
1.813974
1.8258382
1.8305011
1.8381783
1.8124739
1.8168962
1.8523018
1.786002
1.828672
1.872825
1.8172979
1.8555725
1.8685882
1.8372033
1.8300585
1.7914484
1.809542
1.7885828
1.8642197
1.8449337
1.7881006
1.8428212
1.856719
1.8090751
1.8181627
1.8135962
1.8457466
1.8561728
1.7467728
1.9358336
1.75788
1.7993251
1.8890662
1.7998695
1.7762272
1.8692516
1.7785687
1.9022158
1.7729968
1.8234596
1.8194492
1.8637921
1.7681725
1.8512552
1.8124202
1.7868959
1.8176429
1.8115277
1.868999
1.7515858
1.8453996
1.8458467
1.8086089
1.8242725
1.7959267
1.8334489
1.8322109
1.7960925
1.8226569
1.8465346
1.8562247
1.7390195
1.8206267
1.8083893
1.8229434
1.8327359
1.7885933
1.761879
1.857927
1.8206573
1.777151
1.7770375
1.8323175
1.8523024
1.8465365
1.7569755
1.8594577
1.7780201
1.7587078
1.8055205
1.826948
1.836925
1.8090568
1.7865419
1.802372
1.8299321
1.8326921
1.7822446
1.8200734
1.7937744
1.7883967
1.8284655
1.8033719
1.8461016
1.7649612
1.8488353
1.8305746
1.7471269
1.7772058
1.7657144
1.8038018
1.8052576
1.8281739
1.7700161
1.7904277
1.8701061
1.756169
1.7734513
1.8191081
1.7951313
1.8123505
1.7744396
1.7944746
1.8205491
1.8261336
1.771946
1.7749104
1.7864733
1.7857158
1.8175228
1.7612941
1.7921177
1.8273032
1.8090413
1.7991365
1.8215196
1.7705848
1.8017524
1.8004827
1.7740937
1.7778904
1.7820108
1.8328488
1.8146358
1.7350503
1.8071996
1.7769812
1.7358673
1.8254291
1.789375
1.8223624
1.7876337
1.7792974
1.7785624
1.808105
1.7728264
1.7916852
1.7621475
1.795779
1.8194257
1.7865562
1.7697284
1.7583759
1.7167869
1.8277506
1.8232858
1.7689857
1.7933381
1.7835704
1.8014623
1.72189
1.7925915
1.8022249
1.74503
1.7776538
1.8103756
1.7669476
1.7563919
1.7813039
1.8142171
1.7612568
1.7956436
1.7742451
1.7414752
1.770469
1.822028
1.7649486
1.7600573
1.7510494
1.7179798
1.7749529
1.8736687
1.7704941
1.7696608
1.8140384
1.7544847
1.7253964
1.7906556
1.7622129
1.7875304
1.8481451
1.7159961
1.690537
1.843272
1.753474
1.8518956
1.7322906
1.7769257
1.7396216
1.786309
1.7730722
1.748961
1.7585492
1.758371
1.771382
1.7273899
1.7849199
1.7677505
1.8087916
1.8375137
1.7146245
1.7004238
1.751871
1.7542229
1.8113627
1.7777734
1.7626834
1.7289325
1.815175
1.712221
1.7496718
1.7500985
1.7760336
1.77434
1.7709142
1.7733722
1.7717907
1.7403973
1.7512856
1.7244194
1.7517037
1.8003577
1.7866907
1.7458506
1.7690614
1.7418653
1.7507225
1.684839
1.8153747
1.7969774
1.6885321
1.7387269
1.7630737
1.8152099
1.7700968
1.7383426
1.7547064
1.7758349
1.7422932
1.7615247
1.7363219
1.7582949
1.7562575
1.7552314
1.7309582
1.7926391
1.7515372
1.7255803
1.7420307
1.7299379
1.76388
1.8206644
1.7298367
1.7765158
1.7022948
1.7525144
1.7736114
1.7037221
1.7939093
1.689792
1.8049775
1.7237959
1.7618785
1.7195401
1.7846093
1.6818134
1.7378356
1.7685366
1.7411695
1.7063576
1.7665759
1.7836373
1.7087185
1.7132219
1.8040547
1.7237418
1.7636573
1.7717767
1.7766837
1.6642351
1.7735734
1.7207788
1.6996217
1.7764958
1.7213395
1.7141643
1.7408143
1.7274121
1.7934262
1.7360393
1.7806902
1.7271069
1.7268672
1.6881499
1.7603941
1.7460794
1.7445018
1.7117865
1.7527701
1.7862126
1.7160654
1.6725223
1.8076468
1.7412629
1.7139891
1.690062
1.7054338
1.7035472
1.8007776
1.7348642
1.7552408
1.7476143
1.7598484
1.6711301
1.7288339
1.7372628
1.6914017
1.7950923
1.6887963
1.7184801
1.7064145
1.797831
1.6885005
1.7014552
1.7611732
1.7398573
1.7627554
1.6919801
1.7585211
1.7328582
1.6526753
1.7040973
1.7639592
1.7324868
1.7151189
1.711118
1.7674813
1.7725323
1.7107229
1.7020097
1.6960421
1.7893112
1.7087082
1.6893612
1.7707283
1.6945201
1.7124622
1.7369025
1.7593663
1.7356912
1.6835369
1.6667533
1.7242049
1.7128177
1.7298149
1.7024957
1.7268873
1.7484682
1.7330716
1.7081933
1.789359
1.6540989
1.7251126
1.7026672
1.7527227
1.7108203
1.694367
1.7287209
1.6789055
1.686862
1.7078129
1.769054
1.7547603
1.6529404
1.7034194
1.7506437
1.6373416
1.7305942
1.771922
1.7416785
1.6771033
1.7235974
1.7134743
1.702514
1.6893255
1.7070094
1.7698842
1.679371
1.7208682
1.7082115
1.6788327
1.7245996
1.687057
1.7356828
1.7758137
1.6909475
1.6728369
1.7063829
1.7023331
1.7551131
1.658831
1.6656978
1.7562146
1.6832875
1.6989081
1.7330654
1.6357417
1.7353154
1.7400453
1.6625403
1.7662889
1.7422528
1.6226538
1.6823086
1.7347642
1.6548926
1.7314706
1.706037
1.7188466
1.6773276
1.6914313
1.753428
1.7550282
1.6605289
1.709797
1.6588223
1.7191991
1.6544325
1.710549
1.6994715
1.7120383
1.7335179
1.6152562
1.7238785
1.7175095
1.7028562
1.6130658
1.7466136
1.7320225
1.7331784
1.6220988
1.7577924
1.681154
1.6429145
1.7336171
1.6594439
1.7264736
1.6962973
1.705625
1.6428875
1.7468615
1.6580384
1.6853567
1.7307049
1.688253
1.6793808
1.7090694
1.6725938
1.7105594
1.691727
1.7081478
1.651387
1.7076135
1.7197489
1.6689192
1.6831639
1.6838357
1.6836475
1.7320702
1.6529117
1.6836814
1.6991699
1.7000917
1.6717817
1.6865996
1.696304
1.6445253
1.7028863
1.7103788
1.6813745
1.6491755
1.7001276
1.683094
1.698976
1.7069827
1.7303418
1.6298774
1.7091703
1.6579148
1.7087194
1.6676757
1.639999
1.7557057
1.7010194
1.6980019
1.7180192
1.5341938
1.6473721
1.6927654
1.7212181
1.6745775
1.7708703
1.6475723
1.6693422
1.6549062
1.658637
1.7028624
1.7112521
1.6461194
1.70295
1.6714089
1.6901038
1.6420676
1.6503085
1.7134607
1.677705
1.6691368
1.6616856
1.6333358
1.684783
1.6796842
1.6904413
1.6613667
1.7101551
1.7337793
1.6058544
1.6222463
1.6647468
1.7077141