3.5467741
3.390871
3.295618
3.3497553
3.3597355
3.3082612
3.2169802
3.2252932
3.1236336
3.1602583
3.2968454
3.1282675
3.2085116
3.2369974
3.1684296
3.1251383
3.0267935
3.1294982
3.1133084
3.3706665
3.086869
3.3035367
3.1657093
3.099543
3.1003857
3.1654234
3.1542268
3.1057656
3.0664032
2.9994266
3.1531332
3.0392554
3.0765488
3.185241
3.0618536
3.0650876
2.9682908
2.996617
3.0359004
3.1030967
3.1896224
2.9419687
3.0730863
3.033832
3.0265808
3.0741296
3.0102506
2.964553
3.2169945
3.0567722
3.0606606
2.9775074
2.9429169
3.0473611
3.1443036
3.0069366
3.1648405
3.012712
2.9258604
3.110566
3.0135727
3.0941143
2.858903
2.900382
3.0013082
2.9971192
2.9203668
3.0317008
2.9624655
3.0236487
2.9621563
2.8885324
2.934534
2.890317
3.1231112
3.0222025
2.8617802
2.921787
2.9998672
2.971833
2.9458866
2.972474
3.0008934
3.003887
2.8757784
2.9268298
2.9449797
2.925515
3.0478365
2.9217002
2.89673
2.9187543
2.936474
2.929741
2.9828
2.8772745
2.9762278
2.9496624
2.8261771
2.870093
2.9110959
2.8354783
2.919144
2.8094943
2.9793768
2.9756417
2.9161384
2.8812485
2.8045504
2.8028634
2.8501174
2.8712554
2.9222043
2.8009505
2.9328885
2.79268
2.932254
2.9884698
2.775278
2.8767266
2.7805603
3.013918
2.889644
2.8172238
2.6784182
2.8938057
2.988907
2.7522852
2.814703
2.9173248
2.752605
2.781001
2.8487067
2.8104637
2.8500257
2.7411726
2.8532908
2.895339
2.835867
2.8363273
2.7194827
2.847528
2.6702948
2.8542318
2.7402375
2.8999527
2.7538695
2.7302759
2.7788904
2.7634661
2.8298318
2.7342007
2.7734463
2.7151651
2.6865802
2.7471685
2.7522247
2.9217114
2.6875205
2.7784956
2.7413602
2.6632235
2.6200604
2.825252
2.7933698
2.7781022
2.804634
2.7645721
2.8089283
2.8528028
2.674309
2.779314
2.7745721
2.7412548
2.6575677
2.706653
2.7178037
2.70006
2.7025433
2.662101
2.6485803
2.746653
2.6629303
2.6765292
2.617791
2.750476
2.6358185
2.7486145
2.6596777
2.6058512
2.667803
2.677872
2.607315
2.6197143
2.6861782
2.5739775
2.6999025
2.7191062
2.6089098
2.7084658
2.7027755
2.6207626
2.4992325
2.6362777
2.5430846
2.77771
2.5651183
2.5923836
2.607304
2.564523
2.5986986
2.5388727
2.6194253
2.5897088
2.5602338
2.583587
2.6490524
2.4856262
2.6468406
2.5602088
2.4596453
2.5232668
2.6938956
2.6496894
2.625203
2.4755983
2.6750317
2.468882
2.4946504
2.5368903
2.5063605
2.5994754
2.5565314
2.5642223
2.4675608
2.4786904
2.5597045
2.6200602
2.51284
2.4968421
2.5383875
2.4346836
2.4397283
2.5271218
2.465815
2.451585
2.597177
2.617166
2.4533663
2.4403324
2.4378893
2.458022
2.4672334
2.5399854
2.3570015
2.3116279
2.4372897
2.4265776
2.4879658
2.451178
2.3909223
2.49574
2.3378694
2.3817616
2.4482725
2.4599338
2.4020088
2.4088829
2.34909
2.4566784
2.29763
2.4546368
2.495966
2.4132698
2.5016708
2.4924996
2.3845806
2.355736
2.3737588
2.354434
2.3707657
2.344614
2.4086845
2.355214
2.3266745
2.3596442
2.476687
2.3904834
2.2574608
2.4124448
2.3411748
2.3431826
2.2655294
2.3768969
2.354055
2.3161244
2.5208697
2.3006716
2.2444344
2.2756255
2.2549505
2.2739944
2.3684156
2.3620298
2.3145022
2.2337396
2.2170303
2.40253
2.3518236
2.2740402
2.252456
2.3272238
2.1786065
2.245834
2.3150892
2.2399678
2.2701883
2.1036382
2.1461444
2.2340646
2.1526752
2.2141688
2.1871815
2.1364164
2.2354412
2.1342056
2.2238376
2.336026
2.319036
2.2685847
2.1438475
2.1667092
2.125562
2.2032378
2.1904411
2.2747066
2.0663013
2.0801978
2.0944662
2.153035
2.2522783
2.1240335
2.3012028
2.2183807
2.1328897
2.118292
2.1145942
2.1020312
2.064778
2.1594877
2.1236365
2.1501513
2.1155992
2.0767334
2.112443
2.1469038
2.1386948
2.0287051
2.1143878
2.1250274
2.1503098
1.9841261
2.1164198
2.0461469
2.00363
2.1827242
2.016935
2.0533984
2.1508548
2.274563
1.993363
1.9973406
2.0427985
2.2418432
2.0304673
2.0491834
1.9957151
1.9978093
1.9997565
1.9489292
2.0075276
1.9426279
2.009035
2.014328
2.0431027
2.0886137
1.9704872
1.9905707
2.011617
2.0566132
1.9644002
1.9819536
1.9223824
2.0390043
2.0168676
1.9555092
1.9163245
2.052199
1.8695395
1.9422985
1.8697295
1.921607
1.8814257
1.8708843
1.9592746
2.1055317
2.008344
1.9517993
1.9531125
1.7877092
1.9812708
2.0264742
1.9195175
1.9470099
1.8780632
1.9302204
1.979119
1.8776946
1.8593189
1.7540342
1.7565846
1.8905685
1.9893827
1.9088894
2.0618157
1.9056604
1.7902092
1.863794
1.8923526
2.1935813
2.0815892
1.8052993
1.8243303
1.8280331
1.7081915
1.7816589
1.748472
1.7649924
1.8528026
1.898378
1.8524517
1.7496932
1.7665977
1.7926817
1.7389901
1.8195586
1.8072585
1.9954449
1.855961
1.6995527
1.7995284
2.0167952
1.7497705
1.7130731
1.8036623
1.768728
1.8364388
1.7716402
1.7496608
1.7717742
1.7527887
1.6763424
1.7394948
1.7780747
1.6872766
1.779912
1.8229702
1.7381648
1.7542582
1.6625
1.688011
1.7813138
1.6728805
1.8418756
1.7243613
1.5209973
1.736368
1.7242169
1.7392768
1.6755798
1.6259156
1.6164961
1.743507
1.9363747
1.8540688
1.8046566
1.7063284
1.6830167
1.5438288
1.5546166
1.5922234
1.7127212
1.7022716
1.6339178
1.716906
1.4892473
1.5442598
1.6528815
1.626157
1.6970115
1.5930989
1.6886731
1.492704
1.5300728
1.6329149
1.6895088
1.6244768
1.6984819
1.627356
1.6441832
1.6535945
1.6888543
1.6014638
1.565749
1.5777316
1.664709
1.6373764
1.7049023
1.5734162
1.5983969
1.5502826
1.6577868
1.6297164
1.6502957
1.583622
1.38218
1.5729837
1.586017
1.5522722
1.4282677
1.5120963
1.4874629
1.5273983
1.4980638
1.6225731
1.6015842
1.5411316
1.6411439
1.4641478
1.5666369
1.489557
1.4319787
1.5287044
1.3830326
1.5350133
1.6698956
1.6462848
1.574373
1.4995337
1.4314871
1.4974076
1.5189011
1.3666403
1.427719
1.4554428
1.4435354
1.4418705
1.473872
1.6790847
1.4956344
1.5367073
1.4650578
1.5264297
1.4499397
1.4300168
1.4377577
1.4145789
1.5178
1.4060354
1.4003584
1.353793
1.411923
1.4330087
1.3932347
1.3371439
1.5284171