3.293766
3.2114935
3.3881085
3.0880947
3.3518949
3.1226785
3.3248034
3.3393872
3.3058474
3.2342844
3.1692255
3.2530155
3.2295141
3.292236
3.3102121
3.1915853
3.2055511
3.1700807
3.2322357
3.2131846
3.1179116
3.1127005
3.2135727
3.436716
3.2707007
3.151951
3.2056003
3.1153448
3.1200347
3.1952689
2.9545069
3.1899533
3.166019
3.1898825
3.3265295
3.2676368
3.1277685
3.0097458
3.0998423
3.05797
3.135003
3.2075195
3.1693692
3.2323303
3.121093
3.0740385
3.0261972
3.0960498
3.1302454
3.1987443
3.1283252
3.1206133
3.003903
3.0852847
3.1782293
3.178792
3.2035341
3.1592536
3.1013546
3.0812407
3.0418518
3.0740442
3.197249
3.131558
3.036622
3.1708093
3.101373
2.914634
3.1690557
3.1518774
3.1496513
3.1601095
3.0353265
3.1587982
3.022786
3.0154953
3.0467641
2.9686115
2.998966
3.0530736
3.2003486
3.097226
2.9304104
3.0884163
3.0890408
2.9424174
3.0584774
3.033917
3.0895472
3.00448
2.977688
3.1534917
3.1182575
2.9371629
2.9403439
3.0803342
3.0952613
3.0469668
3.011871
3.0273707
3.0200033
3.0713656
3.0967844
2.9726455
3.011598
2.9056058
2.877304
2.913199
2.9745834
3.140405
3.0402808
2.9660242
2.920437
3.078998
2.9687798
3.0452797
3.024188
2.9305837
3.0278263
2.9256394
3.0287638
2.9866886
2.9700787
2.9041421
2.9348385
3.022282
3.0676293
3.0635407
2.9715514
2.9561317
2.8850863
2.9316514
2.949359
3.0571308
2.8298762
2.908898
3.0597968
2.9700942
2.918319
2.9451673
2.8756297
2.930503
2.9177604
2.9099607
2.840439
2.8760552
3.0054445
2.8692849
2.8809018
2.9453843
2.9894335
2.8412821
2.81518
2.9137576
2.9841251
2.9708831
2.9030862
2.819426
2.8707156
2.8063998
3.1175616
2.9633346
2.9447122
2.8450701
2.9121864
2.7182488
2.9670074
3.0086896
2.8584821
2.9152637
2.8879764
2.9125977
2.7507937
2.8117085
2.8515763
2.9076245
2.9040208
2.7922125
2.8719726
2.875907
2.8865376
2.724686
2.8938606
2.8168745
2.8831322
2.9133968
2.8256903
2.9932814
2.7830553
2.78937
2.8430772
2.8545706
2.898166
2.8038254
2.8658013
2.8634608
2.8195422
2.744928
2.761307
2.8370895
2.7239857
2.6833248
2.6911166
2.9094138
2.6181684
2.8277152
2.8029141
2.7576253
2.7916248
2.7746286
2.817263
2.7554395
2.8502958
2.8708808
2.9921653
2.721525
2.7555006
2.7268438
2.6651828
2.730787
2.651088
2.761554
2.7875297
2.7557726
2.743929
2.653135
2.718981
2.6775713
2.6292953
2.7076774
2.8332946
2.820637
2.8306892
2.7802727
2.6465616
2.7229245
2.7451804
2.6569421
2.7579367
2.7219605
2.6687772
2.7328227
2.640928
2.7418134
2.6253748
2.6156242
2.755476
2.706002
2.7210598
2.6135116
2.7088015
2.5524087
2.6191852
2.7891583
2.750354
2.771702
2.6311371
2.7124724
2.5719862
2.6078808
2.606684
2.644562
2.640648
2.6598358
2.560947
2.6411278
2.5993967
2.5739572
2.5871
2.5969748
2.5895002
2.5897918
2.6315348
2.616084
2.6075487
2.554636
2.5514214
2.6771884
2.5554678
2.6693618
2.6531794
2.5404952
2.6232378
2.5307162
2.5690107
2.5691922
2.5409095
2.574462
2.590855
2.64232
2.626504
2.5344853
2.56355
2.557199
2.4605694
2.5398858
2.526639
2.4730637
2.7547104
2.656725
2.4701228
2.5405695
2.5215359
2.6525788
2.5583367
2.5156965
2.4624794
2.3377347
2.5286715
2.3878875
2.5557756
2.4955742
2.4851398
2.4503388
2.51401
2.4846559
2.4528139
2.5352993
2.4688764
2.4306986
2.4448571
2.3909714
2.5041065
2.4830866
2.4514294
2.4519427
2.4445105
2.443195
2.4400551
2.3962803
2.3881311
2.4795792
2.637559
2.504834
2.4564848
2.4080534
2.4586935
2.4211457
2.4046106
2.4104366
2.3559103
2.4227026
2.53097
2.455424
2.3575583
2.3631568
2.3526876
2.341621
2.4659553
2.3523803
2.4069808
2.3965125
2.3738177
2.3759778
2.4051986
2.3378038
2.3062897
2.4923425
2.3060408
2.349698
2.326348
2.3324904
2.3950357
2.3206587
2.3315392
2.253506
2.290568
2.3072386
2.3099914
2.2624457
2.3394463
2.2851286
2.3605306
2.3962035
2.3061097
2.3257918
2.3770838
2.4275405
2.2979364
2.3371263
2.2268898
2.3170214
2.146481
2.266156
2.199241
2.1630487
2.2230551
2.3844943
2.3929534
2.2810202
2.3160706
2.396181
2.2505958
2.1235883
2.3055565
2.3156216
2.208971
2.2580116
2.2328424
2.2246883
2.2067308
2.2265568
2.2816012
2.3646157
2.2581708
2.2143466
2.1913986
2.1584466
2.3309968
2.146407
2.1751833
2.106378
2.209236
2.1110132
2.1708539
2.088328
2.2156296
2.4074667
2.313053
2.1541126
2.1338255
2.1315267
2.0942042
2.2671523
2.1109154
2.1214645
2.0345109
2.2109535
2.1380396
2.1454427
2.0875359
2.1669042
2.1217916
2.1193075
2.086709
2.071038
2.0748465
2.1124332
2.1018593
2.1586437
2.1662443
2.1102324
2.1937017
2.2612846
2.0123825
2.1126957
2.1117804
1.9627731
2.116626
2.1307173
2.0719826
2.0516295
2.0701392
2.070769
2.1101894
2.0453565
2.0740986
2.0779324
2.0156224
2.033765
2.037193
2.0033512
1.9670725
2.0284035
2.1337936
2.1052563
2.1662796
2.016922
2.1509762
2.1935434
2.0112715
2.0176404
1.9750888
1.969539
1.9264024
1.9643288
1.9588287
1.9268826
1.9227017
2.042186
1.9912683
1.8737799
1.9479233
1.9319817
2.039237
2.0222466
1.9659173
2.0003994
1.922336
2.0648851
1.9082943
1.939502
2.0267732
1.9863414
2.1174624
1.8378803
2.0526757
1.9475656
2.0173092
1.9835863
2.0156953
1.8120595
1.9270778
1.9873521
1.8567092
1.9608388
1.9171313
2.0210118
1.8855189
1.8768725
1.8716654
1.8391414
1.8332742
1.9691582
1.9938191
1.8744255
1.8747385
1.8568788
1.8817377
1.8333303
1.8577397
1.8997062
1.9926426
1.9783378
1.9330004
1.8960793
1.8808461
1.9752389
1.8881303
1.7961186
1.8888992
1.9152493
1.8585908
1.8464878
1.7741983
1.8300034
1.7367936
1.9369256
1.828477
1.8049809
1.8881079
1.8055435
1.7672156
1.9774379
1.8984802
1.8108639
1.7067764
1.8558716
1.7778924
1.7584416
1.7511652
1.7075534
1.7086426
1.7305746
1.8097768
1.7552333
1.6936699
1.7520732
1.7585391
1.789967
1.7266481
1.822535
1.8048471
1.8119686
1.7153708
1.728286
1.6670827
1.7822489
1.9731396
1.84996
1.6928525
1.683513
1.7751181
1.812893
1.7451404
1.7795776
1.7572309
1.6708187
1.6931305
1.6500764
1.7203093
1.6902568
1.6847126
1.8716084
1.7311841
1.8874145
1.6783435
1.7147294
1.6152953
1.6805011
1.5943936
1.6093024
1.6827142
1.5476787
1.7614115
1.6861138
1.8098527
1.7108172
1.6586179
1.6988748
1.7067926
1.6696571
1.6858994
1.6969632
1.5516185
1.5363725
1.6894532
1.4787073
1.6411902
1.618777
1.7221618
1.6487873
1.5473253
1.6074185
1.6381377
1.7851567
1.6890235
1.6580946
1.6034197
1.6431456
1.7247193
1.7660241
1.8211567
1.7169228